1 10
100 200
201 210
900 1000
122825 36171
829785 547178
141495 183374
607906 118407
784109 632285
983700 956192
94928 125158
353987 776907
233194 768401
487741 526606
962905 755570
568200 831434
964742 485206
470214 863763
431715 237574
285445 358265
284467 928296
689688 379415
7974 337402
742199 595264
877247 307032
608042 45682
365705 568992
701297 530897
397644 566410
46319 630857
449916 118216
814473 849943
986474 14727
719192 866557
505551 709827
672467 373966
964702 393856
578053 481272
885570 268111
789760 611296
319042 965322
272194 645096
126895 352650
351917 773681
690086 175321
640545 833595
79926 319511
655373 857145
343765 855766
995075 691963
297582 745539
147183 109279
747745 872878
974575 747280
287421 821881
781850 863567
331834 104278
829397 329123
591347 642386
649531 995232
568919 378287
968365 854405
716430 468785
563663 900099
786356 39058
684272 584079
8393 802871
259362 151387
890878 788054
638698 998558
945113 932651
739093 253734
2812 882496
867668 209195
805802 516116
967546 450568
658791 120944
480056 475496
820948 753637
555067 772895
497182 495148
343649 227074
684049 725677
874836 763007
239872 511822
997255 933747
219068 415023
675334 881361
559195 701856
904227 343122
284355 498375
972243 795251
882583 760804
768495 886464
565209 256490
366059 635982
780601 534732
867583 478948
532612 170781
324592 322852
439107 134940
753525 190631
821976 21874
59220 691662
150244 407548
80123 784545
997196 715311
445266 525725
305288 78456
882475 879588
596321 741458
41478 710502
860948 553045
526351 315982
626246 668238
994887 454380
101367 933452
877610 984436
397674 659093
414466 777539
576917 1828
373029 846150
932946 952389
535540 702210
735237 282622
454732 162334
804594 527311
600468 663963
699456 409507
794826 133105
769624 745393
941971 927134
797062 296804
685272 276349
145946 508523
300478 206362
618484 784904
73423 744211
324607 631162
741539 329074
569804 574826
656916 978419
895376 437301
241844 971836
682228 48108
361894 994534
533836 624614
340793 147442
702216 354541
656835 87848
785072 405867
392904 871684
698708 146906
694060 750391
